camera:
  image_topic: /zed/zed_camera/rgb/image_rect_color
  depth_topic: /zed/zed_camera/depth/depth_registered

  intrinsics:
    fx: 523.4645385742188
    fy: 523.4645385742188
    cx: 561.8798828125
    cy: 309.3200378417969   

  extrinsics:
    x: 1.04380097
    y: -0.10716657
    z: 0.8475843
    qx: 0.67380905
    qy: 0.64488364
    qz: -0.23267537
    qw: -0.27562405  
